R: 26 06 00 ff 0a 00 ff a1 01 15 00 26 ff 00 09 30 75 08 95 08 81 02 09 31 91 02 c0
N: Genius Gila Gaming Mouse
P: usb-0000:04:00.0-1/input2
I: 3 0458 0138
E: 0.000000 8 07 41 01 f0 03 00 00 00
E: 0.001968 8 00 00 00 00 00 00 00 00
